****************************************************************************************************
----------------------------------------------------------------------------------------------------
Ambient Table:
     Depth   Amb-cur   Amb-dir   Amb-sal   Amb-tem   Amb-pol     Decay   Far-spd   Far-dir   Disprsn
       (m)     (m/s)     (deg)     (psu)       (C)    (mg/L)   (1/day)     (m/s)     (deg)(m0.67/s2)
     0.000     0.090     0.000    32.000    14.000     0.000     0.000     0.050     0.000   0.00030
     2.000     0.085     0.000    32.000    12.000     0.000     0.000     0.050     0.000   0.00030
     4.000     0.070     0.000    32.000     8.000     0.000     0.000     0.050     0.000   0.00030
     6.000     0.065     0.000    32.000     8.000     0.000     0.000     0.050     0.000   0.00030
     8.000     0.060     0.000    32.000     8.000     0.000     0.000     0.050     0.000   0.00030
    10.000     0.055     0.000    32.000     8.000     0.000     0.000     0.050     0.000   0.00030
    12.000     0.050     0.000    32.000     8.000     0.000     0.000     0.050     0.000   0.00030
----------------------------------------------------------------------------------------------------
Diffuser Table:
     P-dia    P-elev   V-angle   H-angle     Ports   Spacing   AcuteMZ   ChrncMZ   P-depth   Ttl-flo   Eff-sal      Temp   Polutnt
       (m)       (m)     (deg)     (deg)       ( )       (m)       (m)       (m)       (m)     (MGD)     (psu)       (C)    (mg/L)
      0.08      0.31     45.00     30.00     18.00      6.10     10.20    102.00     11.00      8.00     32.00     26.30    100.00
----------------------------------------------------------------------------------------------------
Simulation Results:
              Dilutn     P-dia    x-posn    y-posn     Depth        TA       DIC        pH    OmegaC    OmegaA
      Step (FluxAvg)       (m)       (m)       (m)       (m) (mmol/m3) (mmol/m3)   (total)        ()        ()
         5     1.104     0.083     0.012     0.007   -10.986  2877.504  1897.525     8.778    17.233    11.287
        10     1.218     0.092     0.025     0.014   -10.972  2775.929  1869.478     8.755    15.767    10.280
        15     1.344     0.101     0.039     0.022   -10.955  2683.929  1844.074     8.732    14.453     9.386
        20     1.483     0.112     0.055     0.031   -10.937  2600.601  1821.066     8.708    13.276     8.592
        25     1.637     0.123     0.072     0.041   -10.917  2525.129  1800.226     8.685    12.221     7.886
        30     1.807     0.136     0.091     0.052   -10.896  2456.772  1781.351     8.661    11.278     7.258
        35     1.995     0.150     0.112     0.064   -10.872  2394.859  1764.255     8.638    10.433     6.699
        40     2.202     0.165     0.135     0.077   -10.846  2338.782  1748.771     8.615     9.677     6.201
        45     2.431     0.182     0.161     0.092   -10.817  2287.991  1734.746     8.593     9.000     5.758
        50     2.684     0.201     0.189     0.107   -10.785  2241.989  1722.044     8.571     8.395     5.362
        55     2.963     0.222     0.220     0.125   -10.751  2200.323  1710.539     8.549     7.852     5.009
        60     3.271     0.244     0.254     0.143   -10.713  2162.585  1700.119     8.528     7.366     4.693
        65     3.611     0.269     0.292     0.164   -10.672  2128.404  1690.680     8.508     6.931     4.411
        70     3.986     0.297     0.333     0.187   -10.626  2097.446  1682.132     8.489     6.541     4.159
        75     4.401     0.327     0.378     0.211   -10.577  2069.406  1674.390     8.471     6.191     3.933
        80     4.858     0.361     0.428     0.238   -10.523  2044.009  1667.377     8.453     5.877     3.730
        85     5.363     0.397     0.483     0.267   -10.464  2021.007  1661.025     8.436     5.595     3.549
        90     5.921     0.438     0.544     0.299   -10.400  2000.172  1655.273     8.420     5.342     3.387
        95     6.537     0.482     0.610     0.334   -10.331  1981.302  1650.062     8.405     5.114     3.241
       100     7.217     0.530     0.683     0.371   -10.255  1964.211  1645.343     8.391     4.910     3.110
       105     7.968     0.584     0.762     0.412   -10.173  1948.731  1641.068     8.377     4.726     2.992
       110     8.797     0.642     0.850     0.455   -10.085  1934.710  1637.197     8.365     4.561     2.886
       115     9.713     0.706     0.945     0.502    -9.989  1922.011  1633.690     8.353     4.412     2.791
       120    10.723     0.776     1.050     0.553    -9.885  1910.509  1630.514     8.342     4.278     2.706
       125    11.839     0.852     1.165     0.608    -9.774  1900.092  1627.638     8.332     4.158     2.629
       130    13.071     0.935     1.290     0.666    -9.654  1890.656  1625.032     8.322     4.049     2.559
       135    14.431     1.026     1.427     0.728    -9.526  1882.110  1622.673     8.313     3.951     2.497
       140    15.933     1.125     1.574     0.794    -9.390  1874.370  1620.535     8.305     3.863     2.441
       145    17.591     1.232     1.732     0.863    -9.247  1867.359  1618.599     8.297     3.783     2.390
       150    19.422     1.349     1.902     0.934    -9.098  1861.009  1616.846     8.290     3.711     2.344
       155    21.443     1.475     2.083     1.008    -8.941  1855.258  1615.258     8.284     3.647     2.303
       160    23.674     1.611     2.275     1.084    -8.779  1850.049  1613.820     8.278     3.588     2.266
       165    26.138     1.758     2.479     1.162    -8.612  1845.331  1612.517     8.273     3.535     2.232
       170    28.858     1.917     2.695     1.241    -8.439  1841.057  1611.337     8.268     3.488     2.202
       175    31.861     2.087     2.923     1.321    -8.262  1837.187  1610.268     8.263     3.444     2.174
       180    35.177     2.270     3.164     1.403    -8.080  1833.681  1609.300     8.259     3.406     2.150
       185    38.838     2.465     3.417     1.485    -7.894  1830.506  1608.424     8.255     3.370     2.127
       190    42.880     2.673     3.685     1.567    -7.705  1827.630  1607.629     8.252     3.339     2.107
       195    47.343     2.895     3.966     1.649    -7.512  1825.026  1606.910     8.248     3.310     2.089
       200    52.270     3.130     4.263     1.731    -7.316  1822.667  1606.259     8.245     3.284     2.072
       205    57.710     3.380     4.577     1.813    -7.117  1820.530  1605.669     8.243     3.260     2.057
       210    63.717     3.643     4.908     1.894    -6.915  1818.594  1605.134     8.240     3.239     2.044
       215    70.348     3.921     5.258     1.975    -6.709  1816.842  1604.650     8.238     3.220     2.032
       220    77.670     4.214     5.629     2.056    -6.499  1815.254  1604.212     8.236     3.203     2.021
       225    85.753     4.521     6.024     2.135    -6.285  1813.816  1603.815     8.234     3.187     2.011
       230    94.679     4.843     6.445     2.214    -6.067  1812.514  1603.455     8.233     3.173     2.002
       235   104.532     5.180     6.894     2.293    -5.844  1811.334  1603.130     8.231     3.160     1.994
       240   115.412     5.531     7.375     2.371    -5.616  1810.265  1602.835     8.230     3.149     1.986
------------------------- merging happened ---------------------------
       245   127.424     5.913     7.952     2.457    -5.353  1809.298  1602.567     8.228     3.138     1.980
       250   140.686     6.398     8.753     2.567    -5.001  1808.421  1602.325     8.227     3.129     1.974
       255   155.328     6.978     9.654     2.682    -4.615  1807.627  1602.106     8.226     3.120     1.968
       260   171.495     7.651    10.663     2.800    -4.195  1806.908  1601.908     8.225     3.113     1.963
---------------------------- Plume traps -----------------------------
---------------------------- Plume surfaces --------------------------
       265   189.344     8.418    11.787     2.920    -3.740  1806.257  1601.728     8.224     3.106     1.959
-------------------- Starting Farfield Calculations --------------------
Farfield dispersion based on wastefield width of :     111.55 (m)
4/3 Power Law based Eddy Diffusivity is used:
  Dilution     Width  Distance
        ()       (m)       (m)
   189.344   111.568    12.143
   189.344   112.576    15.000
   189.344   114.348    20.000
   189.344   116.117    25.000
   189.344   117.889    30.000
   189.346   119.666    35.000
   189.355   121.450    40.000
   189.387   123.241    45.000
   189.463   125.040    50.000
   189.605   126.846    55.000
   189.834   128.660    60.000
   190.164   130.481    65.000
   190.605   132.309    70.000
   191.162   134.145    75.000
   191.835   135.988    80.000
   192.623   137.838    85.000
   193.521   139.697    90.000
   194.525   141.561    95.000
   195.629   143.434   100.000
............................. Reached Chronic Mixing Zone ..........................
   196.826   145.314   105.000
   197.695   146.602   108.414
